%YAML:1.0
---
type: IMU
name: my_imu
Gyr:
   unit: " rad/s"
   avg-axis:
      gyr_n: 9.6914478059852323e-04
      gyr_b: 9.3417288372374242e-05
      gyr_bw: 6.1802808002822260e-06
   x-axis:
      gyr_n: 8.8712169511277381e-04
      gyr_b: 1.3119883247412830e-04
      gyr_bw: 1.4167653625908243e-05
   y-axis:
      gyr_n: 8.9951241400341542e-04
      gyr_b: 6.6778749201060867e-05
      gyr_bw: 2.4502001346514873e-09
   z-axis:
      gyr_n: 1.1208002326793802e-03
      gyr_b: 8.2274283441933571e-05
      gyr_bw: 4.3707385748037850e-06
Acc:
   unit: " m/s^2"
   avg-axis:
      acc_n: 3.5713785805722410e-02
      acc_b: 1.0034382394000360e-03
      acc_bw: 1.1634341137085537e-05
   x-axis:
      acc_n: 4.4394513209949277e-02
      acc_b: 1.1084017073238841e-03
      acc_bw: 1.2112250402359335e-07
   y-axis:
      acc_n: 4.1513265109930968e-02
      acc_b: 7.9543518060118639e-04
      acc_bw: 3.4681965165602221e-05
   z-axis:
      acc_n: 2.1233579097286983e-02
      acc_b: 1.1064778302750371e-03
      acc_bw: 9.9935741630791195e-08
